5.80981e+06
-2462.9
-2473.09
-2467.11
-2499.58
-2440.23
-2485.68
-2532.97
-2463.59
-2510.39
-2489.69
-2443.51
-2417.2
-2419.42
-2517.66
-2575.94
-2394.91
-2499.71
-2490
-2457.69
-2493.99
-2467.08
-2503.04
-2562.95
-2397.2
-2539.27
-2411.36
-2439.66
-2524.26
-2577.08
-2442.31
-2436.48
-2504.58
-2559.22
-2404.13
-2504.48
-2471.98
-2443.92
-2526.68
-2527.94
-2409.69
-2462.08
-2431.74
-2484.45
-2505.89
-2470.15
-2468.25
-2463.53
-2428.41
-2533.44
-2472.94
-2391.66
-2401
-2499.53
-2459.95
-2487.42
-2425.28
-2406.85
-2538.55
-2483.21
-2562.11
-2484.57
-2358.15
-2497.23
-2455.01
-2454.35
-2470.22
-2481.76
-2430.4
-2437.04
-2488.93
-2490.11
-2558.19
-2565.45
-2405.7
-2468.51
-2463.8
-2431.72
-2464.8
-2459.96
-2505.61
-2425.29
-2467.69
-2498.47
-2463.75
-2527.64
-2408.79
-2456.65
-2451.52
-2461
-2562.16
-2498.75
-2410.28
-2448.46
-2416.21
-2386.89
-2474.9
-2445.74
-2534.9
-2474.87
-2436.96

1300
1334
1067
1181
1407
1255
1245
1225
1276
1171
1361
1312
1210
1141
1137
1299
1347
1156
1504
1458
1192
1357
1189
1313
1331
1400
1256
1382
1224
1448
1215
1430
1195
1248
1065
1124
1208
1317
1328
1097
1208
1259
1219
1355
1158
1349
1194
1111
1533
1158
1271
1162
1240
1203
1323
1418
1428
1264
1155
1359
1240
989
1300
1183
1277
1285
1243
1262
1254
1255
1331
1295
1212
1549
1338
1232
1441
1193
1238
1254
1274
1337
1347
1059
1280
1442
1463
1253
1223
1196
1055
1296
1248
1321
1202
1414
1170
1124
1428
1274
